time,x,y,z,phi,theta,psi,x_velocity,y_velocity,z_velocity,phi_velocity,theta_velocity,psi_velocity,rotor_speed1,rotor_speed2,rotor_speed3,rotor_speed4
0.06,9.11786615605e-08,9.5393524974e-07,10.0093411111,0.000573237253809,6.28306913058,0.0,1.03666598107e-05,7.63530846876e-05,0.311337436713,0.023901610858,-0.00612143224665,0.0,499.2102125681579,498.76346126227526,499.09970790157854,500.8407286078879
0.12000000000000001,5.13731981111e-06,2.56372816868e-05,10.0344572049,0.00178503344529,6.28230916727,0.0,0.000218807550686,0.000905263177469,0.525790992673,0.0115070340167,-0.0308510657568,0.0,472.2249719313872,470.3138844887643,473.10913920548734,472.1539717763145
0.18,4.59572097076e-05,0.000124366605134,10.0716092744,0.00234553434549,6.28094239923,0.0,0.00132243495528,0.00245781424067,0.712512765381,0.00461509360595,-0.0101938917022,0.0,463.4380482428888,465.05857087871084,463.8539270323098,463.3123417372571
0.23999999999999996,0.000183021763778,0.000330478566666,10.1212145024,0.00239297331482,6.28036858091,0.0,0.00331769279227,0.00443349112837,0.940834628832,-0.00823493212153,-0.00833200671968,0.0,476.59629308634646,476.738687382594,476.67614222484593,475.69328368233226
0.3,0.000442125076942,0.00064406098329,10.180616947,0.00204748528487,6.27958771525,0.0,0.00538176049957,0.00597675984706,1.03916215779,-0.00121501611026,-0.0245785013922,0.0,437.7071049227147,436.3532035675635,437.2350626201321,437.8195355540616
0.36000000000000004,0.000842741777636,0.00104346100232,10.2453712177,0.00195808144754,6.27802297007,0.0,0.00812218796281,0.00732838500153,1.11923760338,-0.00204595629863,-0.0292626544703,0.0,431.2312381432679,430.83526104251604,432.2711648501478,432.20117765167623
0.4200000000000001,0.00144568039555,0.00152514266332,10.3159260122,0.00267780370091,6.27619322978,0.0,0.0121613750317,0.00876791351367,1.23247216362,0.0309857892353,-0.0330828628138,0.0,441.90477344560765,441.5894753459258,441.58489268189015,444.3010200486786
0.48000000000000015,0.00234220841656,0.00212021696791,10.394873517,0.00495326722599,6.27402924586,0.0,0.0179526036426,0.0113015526364,1.39891979017,0.0490726414913,-0.0428224819583,0.0,458.81074178383767,458.03634310446944,458.87933220757566,460.31332412965054
0.5400000000000001,0.00360288716926,0.00290323071177,10.4801986215,0.00810237680085,6.27137691984,0.0,0.0243148595751,0.01508581429,1.44518850029,0.0585580408952,-0.0471247030399,0.0,420.9457818058806,420.5721195942325,421.82033581400975,422.6405240220511
0.6000000000000002,0.00535738531324,0.00401827413493,10.5732335798,0.0116023226767,6.26868970261,0.0,0.0344908308042,0.0224948014449,1.65568779435,0.057877545539,-0.0404806619241,0.0,472.0014282024633,472.51282205087404,473.1760819145954,473.1258377577038
0.6600000000000003,0.00772111104489,0.00560921251507,10.674616984,0.0150835745368,6.26645975703,0.0,0.0445243698367,0.030873347473,1.72365063105,0.0583058513463,-0.0312478286998,0.0,429.48054476211365,430.2621469579068,428.87133576209226,428.9101782060182
0.7200000000000003,0.0106957821833,0.00774128050709,10.7781321365,0.018942414676,6.26451133758,0.0,0.0547987083972,0.0405198084035,1.72684082878,0.0742158206459,-0.0350449530952,0.0,407.5958440834251,407.2558705128739,408.07696501545064,409.4979572495092
0.7800000000000004,0.0143591481239,0.0105621440634,10.8837915832,0.0234945422417,6.2627274647,0.0,0.0674988446391,0.0539450157865,1.7950224766,0.0789834560674,-0.0207971193682,0.0,428.79593006085446,430.0041649951787,429.85467857032984,430.2632178774284
0.8400000000000004,0.0189519156272,0.0144383815428,11.0000583535,0.0284788444101,6.26123077222,0.0,0.0857588521963,0.0758814202878,2.08004191692,0.0901957936341,-0.0348955796169,0.0,495.91834302913594,494.88170456544066,494.67179744339796,495.50150905644944
0.9000000000000005,0.0245652195625,0.0196083320727,11.1281263753,0.0334651951068,6.25887695534,0.0,0.101574415809,0.0969874842267,2.18866667636,0.0625842105403,-0.049731223402,0.0,444.93572332517925,443.7187021816378,444.7548437958573,442.4930892704242
0.9600000000000005,0.0311336631803,0.026078757051,11.2608442729,0.0372109213671,6.25594468141,0.0,0.117649629573,0.119042621397,2.23515135889,0.0621162125519,-0.0472050142292,0.0,424.39074502956083,424.6059136938952,424.58295267208484,424.54581361960396
1.0200000000000005,0.0389271002173,0.0342253129634,11.4037730043,0.0410022859106,6.25383285753,0.0,0.142428415843,0.152976666212,2.52850653043,0.0652528491626,-0.0181976047008,0.0,497.16582292770346,499.28597047897733,500.20527574093126,500.43604167415066
1.0800000000000005,0.0481665028361,0.0443826735672,11.5612733862,0.0446718544943,6.25254430048,0.0,0.165674786177,0.186023509713,2.72104026638,0.0513709431788,-0.0290053312334,0.0,471.7262820518259,470.8910004570468,472.3928052821541,471.3235637400759
1.1400000000000006,0.0586692778159,0.0563667832201,11.7250462892,0.0480968830247,6.25143854089,0.0,0.184538497155,0.213737668105,2.73799349558,0.0665781716976,-0.00294041617851,0.0,417.05762183675307,419.32795342394445,416.0530269255956,417.38476986947563
1.2000000000000006,0.0703772630086,0.0701678676905,11.8916548797,0.0523441202488,6.25133483117,0.0,0.205734472158,0.24669595144,2.81541145802,0.0780959134423,0.000591567856466,0.0,437.56936863906486,437.86333627571815,436.50184453197477,437.4658482346267
1.2600000000000007,0.0833876819595,0.0860830179487,12.0638283122,0.0573053388556,6.25099082028,0.0,0.22794750823,0.28429239691,2.92339740519,0.0905675909725,-0.0230365042676,0.0,448.1060841326375,446.18128210068545,447.2807436673539,448.3007353791969
1.3200000000000007,0.0978036030649,0.104469769624,12.2443315897,0.0635615194216,6.24977833175,0.0,0.252712855528,0.329237541343,3.09287956948,0.122929157536,-0.0150794890038,0.0,466.6166229476171,467.23741791324034,465.6431050029815,468.176277571151
1.3800000000000008,0.11358278186,0.125416673521,12.4306022174,0.0706848670662,6.24932266758,0.0,0.273315100919,0.369645216816,3.11602088062,0.108609499959,0.004259345749,0.0,421.24949806123107,422.91861157757995,422.4379968915805,421.21476734744454
1.4400000000000008,0.130634439548,0.148983615517,12.6191923351,0.0774402209826,6.24978528041,0.0,0.295031505383,0.416539176385,3.17010859723,0.119545437041,0.0138462092146,0.0,432.3474324168309,433.1543218677641,431.49448727573076,432.42832186727463
1.5000000000000009,0.149021634255,0.175601246157,12.81234347,0.0849213778747,6.25106597814,0.0,0.317752591188,0.471437159081,3.26791398545,0.13336591124,0.033215066687,0.0,446.9497497802281,448.52558913416755,445.1687079759492,446.3121300448029
1.560000000000001,0.168725422212,0.205628357835,13.0108776619,0.0926049582982,6.25368816795,0.0,0.338794360155,0.530224485402,3.34957510694,0.114491641269,0.0590936686041,0.0,441.09847386722,443.23149726263784,443.413870322785,441.8754205365377
1.620000000000001,0.189582029995,0.239166130364,13.2125304936,0.0992813790948,6.25714136436,0.0,0.356102187789,0.588305013376,3.37205080582,0.10391122651,0.0542808088119,0.0,424.24692040195976,423.8359128229815,424.2637183662383,423.3658604882165
1.680000000000001,0.21147988518,0.2765685251,13.4181015943,0.105544676631,6.26005300836,0.0,0.37349108473,0.659047722089,3.47991355881,0.105324979464,0.0333873368297,0.0,452.7487316518379,451.0658595515617,451.22082507801036,451.34426620597975
1.740000000000001,0.234415669741,0.31860942905,13.6325861613,0.112307726725,6.26424417748,0.0,0.390612909275,0.743001843787,3.66887776241,0.124444722208,0.102713755753,0.0,474.64081652375575,479.93430594582196,475.9197172482468,477.39109403620444
1.8000000000000012,0.258231194777,0.365626652555,13.856440055,0.120224891198,6.27042478436,0.0,0.402570600376,0.824999561456,3.7923994092,0.143824972678,0.103595864054,0.0,458.1181823627712,458.19719330454393,458.56105286983274,460.11318654181395
1.8600000000000012,0.282626927232,0.41770301387,14.087412288,0.128311978121,6.27632285513,0.0,0.409973340434,0.911706441113,3.90614977171,0.102507842282,0.0847671862512,0.0,457.0939393696987,455.5987537314271,458.9951257625743,455.7192781204333
1.9200000000000013,0.307350168505,0.475250879739,14.3260358058,0.13441880604,6.28108190116,0.0,0.413588004836,1.00713978928,4.04734694013,0.100285766259,0.0652520975697,0.0,466.551067058064,465.0294096199923,466.8856513197882,466.72066980390264
1.9800000000000013,0.33218822474,0.538625379812,14.5728886069,0.140191217409,0.00124923052283,0.0,0.41393368435,1.1058921352,4.18046136543,0.0864640002992,0.0202963148211,0.0,467.3692871633663,463.85356578538523,465.1858115152255,464.1095257658453
2.0400000000000014,0.356983281804,0.608161520361,14.8285347889,0.145020567578,0.00195473558873,0.0,0.412448164065,1.21243167899,4.34033734932,0.0645445355835,-0.0167625217616,0.0,476.47728195262357,473.6353984586562,474.6489123574253,472.96821944768203
2.1000000000000014,0.381690188732,0.683587915212,15.0896523421,0.149248635967,0.000979429623598,0.0,0.41120730494,1.30211252089,4.36337916957,0.0802525997776,-0.0152591424777,0.0,433.3774919427766,433.50393494074365,432.6197042525125,433.9443212905602
2.1600000000000015,0.406338551509,0.764870515414,15.354773052,0.15410513855,6.28311290784,0.0,0.410508490513,1.40771413971,4.47339947172,0.0822846712298,-0.0225111267535,0.0,461.91664291626347,461.3444195720092,460.92557187715346,461.0911810329972
2.2200000000000015,0.430968451519,0.852263643403,15.62440326,0.159319739333,6.28138766302,0.0,0.410630031219,1.5058076753,4.51396302861,0.0948411438943,-0.0457298191324,0.0,442.20708398128977,440.28971491732705,439.71328272638704,440.75864141294323
2.2800000000000016,0.455644940526,0.945739577689,15.8970707912,0.165276951686,6.2789577241,0.0,0.412170869069,1.61054284059,4.57453097797,0.106950082107,-0.0316839139533,0.0,448.0598549898099,449.1995719983951,446.5022957068444,447.49754588074495
2.3400000000000016,0.480469394015,1.04597765109,16.1755185022,0.171876323727,6.27710271154,0.0,0.415511922359,1.73128905875,4.70629309384,0.115459953456,-0.029425569662,0.0,470.5563537980657,470.73089730666106,470.4639943161695,471.1324059502121
2.4000000000000017,0.505496517858,1.1525729666,16.455971241,0.178260564451,6.27519920974,0.0,0.418871888132,1.82242211367,4.64221426827,0.0739687253868,-0.0367728468942,0.0,409.3231992974728,408.6682466486282,411.1002645375073,407.4167310910239
2.4600000000000017,0.530797598274,1.26558682738,16.7373330416,0.182690582374,6.27313290707,0.0,0.424712901091,1.94503015366,4.73592806844,0.0735622209992,-0.0301372985213,0.0,460.18458487653146,460.7091420190403,460.65789824605463,460.62978610545855
2.520000000000002,0.556469304407,1.38566036334,17.0222509838,0.18713591785,6.27105038851,0.0,0.431186741789,2.05774688068,4.76104696475,0.0751214812871,-0.0459264714021,0.0,440.3835764522307,439.0748450758746,440.39369219729053,440.527000650146
2.580000000000002,0.582571910794,1.51258197152,17.3087168387,0.191601425061,6.26882272368,0.0,0.43912500889,2.1732976264,4.78750703996,0.0729955427676,-0.023664115219,0.0,439.75050303058623,441.590252563233,441.74601603219645,441.5750159024865
2.640000000000002,0.6091524746,1.64603772105,17.5943299165,0.196008692835,6.26750264818,0.0,0.44700566153,2.27555525175,4.73299115764,0.0743563583916,-0.0188676086405,0.0,413.9981378275103,414.41997137203464,415.4301594648814,415.55409066599987
2.700000000000002,0.636305749552,1.78666583124,17.881550409,0.200447038115,6.26642849455,0.0,0.458208855524,2.41233722703,4.84033094557,0.0731937189287,-0.0160392461945,0.0,466.0850050437737,466.30611541274124,468.14883376910916,468.062311356718
2.760000000000002,0.664142396023,1.93545892697,18.1745850081,0.204611748537,6.26584266764,0.0,0.469745873649,2.54770013507,4.92687623963,0.060512317034,0.000505973638539,0.0,461.4217417771095,462.7263510252539,462.8057946311368,461.80985082909996
2.820000000000002,0.692624489241,2.09179394211,18.4696735408,0.208289429481,6.26580065259,0.0,0.479655167559,2.66370627229,4.90930131256,0.0628145466493,-0.00322917068448,0.0,429.9967445278448,429.68016904196566,430.22321356510406,430.42094842151096
2.880000000000002,0.721661936172,2.25466274069,18.7614440364,0.211946159288,6.26587423959,0.0,0.488266987784,2.76552535937,4.8166284871,0.0569195949214,0.00891021380558,0.0,403.33193999517584,404.42702028175853,405.48531986082713,404.9583281894777
2.940000000000002,0.751321069383,2.42500686905,19.0537894127,0.215025408866,6.26624612025,0.0,0.500308509525,2.91273944994,4.92749715606,0.0367317563771,0.000131065897482,0.0,471.3369466868734,470.657776211761,471.16885152599946,469.6067488781129
3.000000000000002,0.781730763982,2.60467868368,19.3548310089,0.217355377422,6.26565961816,0.0,0.513334154243,3.07627985832,5.10617502067,0.042733740161,-0.0540330316686,0.0,494.1863770894168,490.1769782805716,492.2254784142855,492.67009165876544
